10001
10003
10004
10008
10010
10012
10014
10018
1002
10020
10021
10022
10031
10032
10042
10049
10050
10052
10057
1006
10061
10066
10068
10069
10074
10077
10078
10079
10084
10085
10088
1009
10090
10095
10097
10100
10103
10119
10122
10126
10129
10137
10138
10140
10144
10145
10157
10159
10160
10162
10165
10167
10168
10169
10173
10177
10179
10185
10186
10191
10192
10199
10201
10204
10214
10215
10220
10221
10224
10225
10230
10234
10238
10239
10255
10256
10258
10260
10261
10278
10282
10283
10292
10297
10298
10300
10301
10302
10304
10306
10311
10313
10316
10320
10323
10328
10330
10332
10337
10340
10345
10348
10363
10364
10366
10367
10368
10372
10373
10375
10376
10377
10378
10379
10381
10386
10398
10407
10412
10417
10420
10421
10422
10424
10431
10435
10440
10449
10455
10457
10458
10459
10466
10476
10480
10481
10482
10489
10490
10491
10503
10506
10515
10517
10518
10531
10535
10540
10541
10542
10543
10544
10545
10547
10548
10551
10553
10555
10556
10557
10560
10561
10562
10563
10564
10570
10571
10574
10576
10578
10588
10590
10591
10592
10594
10596
10599
10604
10605
10612
10615
10618
10621
10636
10642
10643
10647
10651
10655
10656
10660
10665
10672
10679
10696
10697
10707
10715
10716
10718
10719
1072
10720
10731
10736
10737
10738
10739
10742
10743
10744
10746
10747
10748
10750
10752
10753
10754
10756
10757
10758
10760
10774
10776
10780
10783
10785
10786
10788
10789
10790
10792
10796
10797
10800
10801
10802
10812
10813
10816
10828
10834
10839
10840
10842
10843
10844
10858
10868
10872
10877
10881
10883
10884
10885
10889
10899
10908
10915
10918
10923
10927
10930
1094
10945
1095
10955
10956
10958
10959
10967
1097
10970
1098
10982
10984
1099
10990
1100
11003
11005
11007
11008
1101
11012
11014
1102
11027
1103
11036
11038
11039
11041
1105
11056
1106
11070
11072
11076
11078
11080
11082
11088
11089
1109
11092
11095
11096
11097
1110
11100
11102
11109
1111
11111
11112
11113
11118
11126
11127
11128
11138
11140
11141
11143
11145
11146
11150
11158
1116
11165
11166
1117
11171
11177
11179
1118
11181
11182
11184
11189
1119
11190
11195
11202
11204
11205
11206
11214
11215
11216
11217
11219
1122
11222
11223
11226
11228
1123
11230
11238
1124
11240
11243
11244
11246
11252
11253
11256
11260
11261
11267
1127
11270
11282
11283
11286
11289
1129
11290
11294
11295
11299
1130
11301
11308
11309
11310
11316
1132
11320
11322
11333
11338
11339
1134
11342
11351
11352
11363
11364
11365
11366
11368
11375
11376
11377
1138
11381
11382
11383
11384
11388
11389
1139
11390
11393
11397
11401
11404
11406
11410
11411
11421
11424
11427
11429
1143
11431
11437
11439
11440
11442
11443
11444
11447
1145
11452
11454
11461
11464
11475
11477
11481
11482
11490
11508
11510
11519
1152
11520
11521
11526
11527
11531
11532
11533
11534
11536
11539
11540
11541
11543
11545
11547
11548
11553
11554
11560
11561
11563
11566
11567
11568
11572
11575
11576
11577
11579
11590
11593
11599
11605
11609
11610
11611
11616
11622
11626
11628
11632
11635
11636
11638
11639
11640
11642
11643
11645
11649
11666
11674
11675
11683
11685
11688
11689
11691
11696
11697
11708
11720
11721
11724
11727
11729
11732
11735
11737
11739
11740
11742
11745
11750
11756
11764
11765
11766
11767
11770
11772
11773
11779
11780
11783
11785
11787
11789
11790
1180
11807
11808
11812
1182
11822
11824
11825
11829
11830
11834
11835
11836
11837
11855
11859
11860
11863
11866
11869
11878
11888
11891
11892
11894
11896
11902
11903
11913
11920
11924
11927
11933
11940
11946
11949
1195
11952
11954
1196
11963
11965
11969
11971
11976
11977
11981
11986
11990
11994
11995
11997
11998
12001
12005
1201
12014
12015
12021
12022
12024
12037
12041
12042
12048
12049
12051
12054
12059
12062
12063
12065
12082
12088
12091
12094
12095
12097
12098
12099
12100
12101
12102
12104
12106
12109
12112
12115
12119
12120
12121
12123
12124
12125
12127
12128
12131
12134
12135
12140
12150
12152
12153
12155
12163
12166
12169
12171
12179
12184
12193
12199
12200
12206
12207
12214
12215
12221
12226
12228
12229
12237
12241
12242
12243
12250
12255
12257
12260
12262
12269
12273
12275
12276
12277
12280
12284
12286
1229
12294
12295
12296
12297
12307
12310
12314
12318
12319
12323
12324
12325
1233
12330
12332
12338
12342
12343
12348
12362
12364
12365
12369
12370
12372
12373
12375
1238
12389
12392
14640
14641
14642
14645
14647
14648
14649
1465
14651
14653
14654
14667
14668
1467
14677
14679
1468
14680
14683
14688
14690
14693
14694
14696
14697
14699
14701
14709
1471
14711
14712
14713
14715
1472
14724
14732
14735
14745
14746
14752
14753
14754
14755
14758
14764
14765
14775
14776
14777
14780
14789
1479
14795
14797
14804
14805
14813
14817
14821
14826
14828
14836
14838
14839
14845
14855
14859
14866
1487
14870
14879
1488
14884
14885
14887
14889
1489
14890
14892
14896
14900
14903
14904
14905
14906
14911
14914
14918
14919
1492
14920
14927
14928
14929
14930
14933
14934
14936
14938
14942
14946
14949
14951
14952
14953
14954
14955
14956
14965
14968
14971
14972
14977
14978
14982
14985
1499
14994
14998
150
1500
15002
15009
15012
15014
15015
15020
15023
15024
15029
15030
15031
15033
15036
15039
15040
15041
15048
15049
15051
15054
15058
1506
15066
15069
15071
15075
15077
15078
15079
1508
15085
15087
15094
15098
15099
15103
15105
15106
15109
15117
1512
15120
15124
15139
15142
15143
15145
15147
15149
15152
15154
15157
15160
15163
15166
15167
15169
1517
15170
15177
1518
15183
15184
15185
15186
15187
15189
15191
15194
15198
15202
15205
15212
15218
15221
15222
15228
1523
15230
15235
15236
15242
15243
15245
15248
15249
15251
15254
15257
15267
15270
15272
15273
15275
15276
15278
15279
15280
15295
15296
15297
15298
15301
15303
15310
15316
1532
15322
15326
15328
15333
15340
15341
15342
15358
15360
15362
15365
15367
15368
15371
15376
15378
15384
15385
15387
15388
15390
15391
15393
15395
15399
15403
15405
15408
1541
15411
15414
15416
15418
1542
15421
15424
15426
15427
15429
15436
15437
15440
15444
15448
1545
15455
15456
15457
15474
15475
15477
1548
15481
15485
1549
15490
15493
15494
15499
155
15500
15501
15506
15509
8397
84
8403
8407
8408
8410
8411
8415
8419
8422
8423
8425
8428
8431
8432
8435
8440
8441
8455
8458
8459
846
8463
8467
8473
8477
8481
8482
8483
8488
8495
8498
8499
85
8504
8513
8514
8515
8519
8521
8528
853
8530
8531
8532
8536
8540
8542
8545
8548
8549
8550
8552
8569
8572
8573
8581
8583
8587
8588
8596
8598
8606
8607
8608
8614
8618
8619
8620
8622
8623
8626
8627
8628
8634
8635
8637
8639
8640
8641
8642
8643
8644
8645
8646
8647
8648
8649
8651
8653
8659
8674
8684
8687
8696
8697
8698
8710
8711
8720
8723
8732
8738
8739
8744
8749
8754
8757
8758
8760
8762
8764
8767
8769
877
8774
8775
8780
8782
8792
8793
8807
881
8812
8819
8824
8828
8830
8835
8841
8851
8858
8863
8864
8867
8869
8872
8873
8874
8875
8877
8878
888
8881
8882
8883
8890
8892
8893
8894
8895
8901
8903
8904
8905
8908
8910
8911
8913
8915
892
8920
8922
8923
8926
8932
8934
894
8941
8967
8968
8969
8971
8972
8973
8978
898
8980
8981
8985
8987
8988
8989
899
8990
8991
9009
903
9033
9036
9037
904
905
9052
9055
9056
9058
9059
9067
907
9074
908
9082
9085
9088
909
9094
9096
910
9104
9108
9111
9112
9117
9118
9119
912
9120
9121
9124
9137
9138
9144
9145
9146
9147
9151
9152
9153
9154
9165
9174
9182
9184
9185
9186
919
9190
9191
9199
9201
9202
9203
9209
921
9210
9211
9216
9223
9224
9229
9233
9237
924
9241
9242
9244
9246
9247
9248
9252
9257
9264
9273
9274
9275
9279
9280
9282
9287
9291
9293
9294
9295
9297
9298
9299
930
932
9321
9322
9323
9324
9325
9326
9327
9328
933
9330
9331
9334
9335
9338
9341
9346
9347
9360
9372
9377
9379
938
9380
9382
9384
9385
9388
939
9394
9398
94
940
9403
9404
9405
9409
941
9414
9419
942
9420
9421
9425
943
9431
9436
944
9440
9443
9448
9449
9452
9453
9459
946
9460
9462
9470
9472
9473
9474
9485
9486
9489
9490
9491
9492
9493
9496
9499
9500
9502
9514
9521
9526
953
9530
954
9542
9543
9552
956
957
9571
9572
9573
9576
9582
9585
959
9590
9591
9594
9595
9597
9598
9599
960
9600
9603
9604
9605
9608
9609
9611
9613
9614
9615
962
9623
9624
9626
9628
963
9630
9633
9634
9637
965
9652
966
9668
9669
967
9670
9675
9677
9689
9691
9692
9700
9703
9704
9708
9710
9712
9717
972
9720
9721
9722
9726
9732
9745
9746
9747
9748
9749
975
9751
9753
9754
9755
9756
9757
9764
977
9773
9775
9780
9783
9787
9800
9805
9809
9814
9823
9837
9838
9840
9843
9846
9848
9850
9851
9852
9854
9856
9857
9859
9864
9865
9871
9876
9877
9880
9886
9889
9893
9899
9902
9905
9906
9907
9908
9909
9910
9911
9912
9913
9915
9916
9917
9922
9925
9926
9937
9941
9961
9964
9970
9973
9978
9983
9984
9985
9986
9987
9995
9996
9998
6511
6525
654
6540
6546
6548
655
6556
6566
657
6570
6577
6578
658
6586
6587
6588
659
6594
6595
6599
660
6603
6605
6607
661
6610
6615
6616
6617
6627
6628
663
6635
664
6648
6649
665
6656
6668
6670
6679
6684
6689
669
6690
6696
6703
6706
6712
6719
6722
6730
6734
6740
6750
6751
6752
6753
6755
6756
6762
6765
6770
6771
6772
6773
6774
6777
6780
6783
6788
6791
6792
6793
6798
6818
6819
682
6823
6837
6840
6844
6845
6849
6852
6853
6854
6857
6859
6870
6871
6872
6874
6877
688
6881
6882
6883
6888
6889
6892
6899
6900
6902
6903
6907
6913
6917
6919
6926
6930
6932
6936
6939
6943
6946
6952
6958
6959
6964
6971
6985
6992
6994
6995
6996
7000
7010
7012
7013
7015
7018
7020
7021
7023
7026
7028
7030
7031
7034
7036
704
7045
7049
7053
706
7061
7067
7068
7073
7085
7086
7087
7091
7094
7096
7099
7109
7111
7113
7121
7122
7123
7126
7128
7132
7135
7138
7143
7145
7150
7152
7158
7159
716
7162
7165
717
7170
7172
7180
7182
719
7191
7193
7205
7206
7209
7217
7221
7223
7224
7226
7227
7232
7242
7244
7246
7249
7257
7261
7262
7264
7265
7267
7274
7276
728
7283
7293
7294
7301
7304
7308
7316
7320
7342
7346
7349
735
7350
7351
7357
7362
7363
7368
738
7380
7381
7383
7385
7388
739
7400
7401
7409
7411
7412
7435
7436
7437
7439
7443
7450
7454
7461
7462
7463
7464
7476
7478
7479
7480
7486
7487
7488
7491
7492
7496
7508
7509
7510
7513
7514
7524
7525
7532
7534
7537
7539
7547
7548
7549
7558
7564
7566
7567
7568
7569
7572
7573
7574
7575
7584
7587
7593
7594
7608
7636
7644
7646
7650
7656
7658
7662
7666
7671
7672
7673
7674
7679
7680
7682
7687
7690
7693
7697
7702
7705
7711
7725
7731
7732
7734
7742
7744
7748
7757
7758
7766
7774
7775
7780
7786
7793
7794
7797
7804
7806
7808
7811
7829
7831
7834
7839
7844
7854
786
7862
787
7873
7876
7877
7879
7880
7886
7892
7905
7909
7910
7913
7914
7919
7921
7924
7927
7930
7935
7936
7940
7945
7947
7948
7952
7958
7960
7962
7966
7967
7971
7976
7977
7978
7982
7984
7988
7994
7997
7999
8000
8003
8004
8007
801
8011
8013
8015
802
8023
8025
8026
8027
8029
8030
8033
8036
805
8052
8057
806
8069
807
8070
8071
8074
808
8082
8083
8087
8088
809
810
8101
8108
8109
8112
8119
812
8132
8133
8135
8147
815
8151
8152
8153
8163
8168
8169
817
8172
8173
818
8180
8183
8186
8187
8188
8192
8196
8197
8199
820
8200
8202
8205
8207
8209
821
8215
8217
822
8227
823
8234
8242
8249
8251
8253
8255
8256
8259
8260
8261
8271
8277
8282
8283
8284
8292
8297
83
8303
8307
8308
8311
8314
8317
8318
8334
8335
8341
8346
8347
8348
8349
8350
8353
8355
8356
8362
8365
8367
8368
8374
8376
8385
8391
8392
4694
4708
471
4713
4714
4722
4724
4730
4757
4758
4764
4767
4768
4769
4771
4775
4776
4777
4778
4784
4785
4786
4787
4795
4802
481
4818
4825
4830
4832
4835
484
4845
4847
485
4851
4852
4859
486
4861
4862
4869
4871
4875
4878
4881
4884
4885
4887
4909
4913
4916
4917
4919
4921
4926
4934
4936
4938
4945
4947
4949
4951
4957
4958
4959
4963
4969
497
4971
4972
4985
4986
4988
4996
4997
5007
5011
5013
502
5028
503
5034
504
5043
5046
505
5055
5056
5067
5073
5075
5082
5086
5090
5096
5104
5106
5107
5108
5110
5112
512
5132
5133
5136
5137
5138
5143
5159
516
5160
5161
5166
5168
5169
517
5170
5173
5177
5178
5180
52
5200
5201
5202
5217
5219
5220
5229
523
5231
5232
5235
5251
5256
5257
5264
527
5271
5272
528
5280
529
5296
5303
5304
5305
532
5320
5325
5335
5341
5348
535
5357
5361
5364
5365
537
5373
5374
5378
5380
5381
5384
5385
5398
54
5400
5403
5407
5408
5409
542
5422
5438
5444
5448
5450
5452
5454
5458
5459
5462
5464
5466
5475
5479
5480
5484
5485
5486
5493
5494
5496
5497
5500
5501
5502
5503
5505
5506
5510
5515
5521
5522
5523
5534
5537
5538
5539
5540
5546
5547
5548
5563
5570
5575
5579
5580
5582
5583
5584
5585
5586
5587
5590
5591
5592
5600
5603
5604
5605
5606
5607
5608
5610
5617
5627
5628
5632
5641
5652
5654
5660
5664
5665
5667
5673
5674
5677
5681
5682
5683
5684
5685
5692
5697
5698
5710
5711
5712
5716
5719
5721
5725
5727
5728
5732
5747
5748
5758
5759
5760
5764
5775
5779
5782
5783
5784
5794
5799
5801
5812
5826
5835
5838
5841
5843
5849
5851
5855
5857
5860
5863
5879
5882
5883
5884
5885
5887
5889
5890
5895
5896
5898
5900
5901
5903
5904
5907
5911
5916
5918
5919
5920
5922
5928
5938
5941
5946
5947
5948
5949
5951
5952
5953
5954
5957
5958
5960
5978
5980
5981
5982
5983
5984
5988
5994
6011
6016
6018
6020
6022
6023
6034
6036
6043
6048
6051
6052
6056
6058
6059
6064
6066
6070
6073
6078
6080
6081
6083
6084
6089
6092
6108
6109
6112
6114
6117
6119
6122
6124
6126
6129
6131
6134
6135
6136
6139
6140
6145
6148
6151
6155
6158
6160
6161
6163
6168
6169
6170
6171
6172
6173
6174
6179
6185
6193
6194
6198
6202
6209
6216
6217
6218
6221
6224
6226
6228
6229
6230
6238
6240
6241
6247
6250
6252
6260
6261
6283
6286
6293
6297
630
6301
6307
6311
6313
6314
6321
6327
6328
6329
6336
6339
634
6341
6349
6350
6351
6354
6355
6357
6358
6359
636
6361
6363
6365
6366
6367
6368
6369
6370
6373
6375
6376
6377
6378
6381
6382
6383
6393
640
6401
6403
6404
6407
6409
6413
6418
6420
6422
6429
6432
6433
6435
6441
6447
6456
646
6462
6466
6467
6468
6469
6470
648
6483
6484
6485
6486
6491
650
6506
6507
6509
651
2656
2657
2660
2664
2670
2672
2676
2679
2681
2684
2685
2695
2697
2699
27
2700
2702
2703
2708
2711
2718
2719
2721
2724
2729
2732
2742
2744
2745
2746
2751
2757
2758
2764
2765
2768
2769
2770
2773
2774
2775
2777
2778
2779
2782
2785
2787
2791
281
2810
2828
284
2845
2847
2849
2860
2864
2865
2867
2868
2872
2874
2879
2880
2881
2889
2890
2892
29
290
2900
2901
2902
2903
2904
2905
2906
2907
2908
2910
2911
2912
2914
2919
2924
2928
2929
2930
2931
2933
2936
2939
2943
2949
2950
2967
2968
2978
2981
2982
2987
2995
30
3013
3025
3026
3073
3083
3087
3091
3094
3098
3111
3114
3120
3124
3127
3128
3145
3155
3161
3165
3169
3183
3186
3193
3195
3196
3198
3200
3201
3203
3204
3208
3212
3214
3217
3221
3228
3233
3234
3243
3244
3245
3261
3262
3264
3266
3267
3275
3276
3277
3283
3286
3290
3292
3294
3298
3318
3320
3329
3345
3347
3349
335
3355
3356
3359
336
3360
3363
3365
3379
3383
3396
3406
3407
3409
3412
3419
3422
3425
3426
3427
3428
3429
3434
344
3442
3444
3448
3462
347
3479
3480
3494
3496
3497
3500
3502
3506
3511
3512
3514
3515
3517
3519
352
18666
18667
18675
18676
18683
18684
18686
18690
18691
18692
18693
18696
18699
18707
18708
18715
18724
18725
18730
18732
18735
18736
18737
18738
18750
18752
18753
18764
18765
18774
18778
18779
18780
18783
18785
18787
18796
18798
18800
18804
18811
18816
18822
18828
18834
18836
18837
18843
18850
18853
18856
18863
18865
18868
18871
18873
18876
18878
18881
18888
18892
18895
18902
18903
18905
18912
18913
18918
18921
18924
18925
18927
18930
18935
18944
18945
18946
18950
18959
18960
18962
18963
18965
18967
18970
18972
18976
18977
18985
18991
18993
190
19001
19002
19015
19018
19019
19021
19042
19049
19050
19052
19054
19058
19062
19066
19075
19082
19091
19092
19098
19102
19105
19106
19114
19115
19119
19126
19127
19128
19130
19131
19132
19136
19146
19150
19151
19153
19163
19164
19166
19168
19169
19170
19178
19180
19191
19193
19195
19196
19199
19200
19213
19220
19221
19222
19225
19226
19232
19233
19235
19236
19241
19248
19249
19255
19258
19260
19261
19272
19277
19279
19281
19283
19284
19286
19290
19294
193
19301
19302
19304
19337
19352
19393
19394
19395
19406
19410
19411
19416
19428
19433
19435
19437
19438
19440
19446
19482
19486
19516
19517
19522
19533
19539
19542
19553
19557
19559
19562
19564
19567
19573
19574
19576
19578
19590
19591
19592
19596
19599
19600
19602
19603
19606
19610
19611
19615
19616
19617
19621
19623
19624
19625
19628
19647
19648
19649
19657
19659
19662
19663
19673
19674
19681
19682
19686
19692
197
19702
19712
19724
19727
19737
19744
19767
19768
19770
19771
19813
19883
19884
19949
201
20140
20192
20226
20366
20373
204
20466
20469
20588
20611
20628
20632
20633
20638
20645
20651
20652
20661
20673
20678
20681
20682
20683
20686
20693
2077
2083
20859
2087
20876
20877
2088
2090
20942
210
2100
21044
2106
211
21163
21199
2120
2127
2130
2131
21382
214
2142
2145
2146
21472
21487
2152
21565
2158
2159
2160
21740
2176
21776
2182
219
2196
2199
21997
220
2200
2201
22031
2204
2209
22113
2215
2218
22222
2224
2226
2227
2230
22372
22382
2239
22415
2242
22517
22518
2256
22566
226
22627
2263
22633
2265
2269
227
2271
22764
2287
2288
229
22912
22969
22974
2298
2306
2309
2310
2317
2321
2325
2333
23393
2342
23420
2367
2371
2372
2377
2380
2381
2382
2383
2384
2399
24005
24016
2402
24033
24038
24056
24087
241
2410
24103
24104
2415
24157
2418
24228
24240
24243
24251
24256
24286
24295
24305
24308
24309
24318
2432
24321
2433
24340
24348
2435
2436
24373
24383
24405
2441
24418
24434
24440
24441
24442
24448
24453
24456
24457
24458
2446
24463
24465
24469
24471
24474
24476
24477
24481
24489
24490
24491
24492
24493
24496
24503
2452
246
2461
2465
2467
2471
248
2482
2483
2489
2490
2491
250
2505
2506
251
2511
2512
2513
2518
252
2520
2525
2528
2534
2535
2541
2543
2549
2555
2556
2558
256
2564
2568
2569
2573
2574
2581
2586
2589
2597
2600
2605
2606
2621
2625
2627
2629
263
2637
2639
2642
2643
2644
2646
2650
2652
2654
2655
17063
17064
17067
17072
17074
17075
17082
17084
17085
17090
17091
17099
171
17101
17103
17105
17111
17114
17115
17118
17126
17127
17130
17131
17132
17133
17134
17135
1714
1715
17154
17155
17159
17163
17180
17183
17185
17187
17194
17198
1720
17203
17204
17212
17214
17218
17225
1723
17234
1724
17248
17253
17254
17267
17272
17274
17280
17281
17282
17285
17287
17293
17297
17298
1730
17304
17305
17310
17311
17313
17314
17318
17320
1733
17332
17333
1734
17340
17341
17344
17346
17351
17352
17364
17365
17370
17373
17374
17381
17382
17383
17387
17389
17390
17392
17393
17394
17395
17397
17401
17404
17408
1741
17413
17414
17415
17417
1742
17420
17421
17425
17426
17436
17438
17448
17449
17451
17454
17456
17458
17460
17468
17476
17480
17481
17485
17499
17504
17505
17507
17510
17513
17517
17522
17523
17524
17528
17532
17533
17535
17543
17544
17545
17548
17549
17550
17553
17555
17558
17562
17565
17568
17572
17577
17578
1758
17580
17583
17584
17587
1759
17595
17601
17606
17608
17619
1762
17621
17622
17623
17629
17631
17636
17640
17643
17645
17658
1766
17670
17671
17672
17674
17675
17678
17682
17683
17684
17685
17686
1769
17691
17694
17699
1770
17700
17702
17706
1771
17710
17719
17725
17730
17738
17759
17760
17761
17762
17763
17764
17766
17768
17769
17770
17772
17777
17780
17782
17786
17789
17791
17798
17799
17801
17802
17803
17808
17809
17812
17816
17819
17825
17837
17838
17840
17844
17850
17851
17856
17858
17859
17865
17868
17869
17873
17874
17876
17877
17885
1789
17890
17904
17908
17909
17911
17917
17919
17923
17929
1793
17932
17939
17941
17945
17947
17953
17957
17965
17977
17979
17980
17983
17984
17988
17992
17996
180
18001
18005
18009
1801
18013
18014
18015
18018
18019
18021
18024
18027
18029
18031
18032
18036
18041
18043
18044
18047
18055
18056
18057
18061
18063
18064
18076
18086
18088
18089
18096
18097
18099
18101
18103
18104
18108
18109
18110
18115
18129
18130
18132
18134
18139
18144
18145
18146
18155
18156
18165
18166
18167
18168
1817
18170
18171
18172
18173
18175
18180
18181
18182
18185
18186
18187
18188
18191
18196
18198
182
18207
18208
18209
18214
18221
18229
1823
18230
1824
18246
18247
18249
18253
18258
18260
18265
18266
18271
18272
18276
18278
18280
18281
18282
18284
18286
18289
18290
18291
18296
18297
18298
18299
183
18302
18304
18305
18311
18323
18326
1833
18343
18344
18346
18350
18351
18352
18354
18357
18359
18360
18361
18363
18364
18368
18369
18373
18378
18381
18383
18384
1839
18396
18398
18399
184
1840
18408
18410
18412
18413
18416
18422
18424
18443
1845
18450
18455
18458
18460
18461
18462
18467
18468
18474
18478
18481
18483
18484
18490
18492
18498
1850
18501
18502
18503
18505
18507
18508
18512
18516
18518
18519
18522
18523
18527
18529
18530
18531
18536
18537
18546
18555
18560
18568
1857
18571
18579
18582
18583
18584
18588
1859
18590
186
1860
18604
18607
18609
1861
18611
18612
18613
18614
18617
1862
18624
18627
18628
18629
18631
18639
1864
18642
18645
18646
18647
18649
18657
18658
18660
18662
18665
15512
15514
15516
15517
15520
15524
15526
15527
15528
15529
15531
15533
1554
15544
15548
15549
15551
15556
15558
15559
15560
15562
15563
15564
15566
15567
15568
15569
1557
15576
15579
15583
15584
15586
15589
15590
15598
1560
15604
15605
1561
15611
15620
15623
15624
15625
15626
15629
15630
15631
15632
15645
15649
15650
15651
15655
15658
15673
15674
15676
15677
15679
15682
15683
15688
1569
15692
15695
15699
1570
15703
15708
1571
15710
15712
15720
15722
15727
1573
15731
15732
15739
1574
15742
15743
15744
15745
15746
15752
15754
15760
15764
15766
15768
1577
15770
15777
15778
15779
15782
1579
158
15807
15809
15812
15814
1582
15823
15825
15829
1583
15830
15834
15835
1584
15841
15846
15849
15850
15851
15853
15855
15859
15865
15870
15873
15875
15880
15886
15887
15888
1589
15890
15894
15897
159
1590
15900
15902
15911
15914
15915
15916
15919
15920
15921
15922
15927
1593
15932
15933
15937
15938
1594
15947
15951
15961
15963
15969
15974
15981
15988
1599
15995
15997
15998
15999
1600
16002
16003
16006
16009
16012
16013
16014
16016
1602
16022
16028
16033
16034
16037
16039
16040
16041
16044
16046
16047
16051
1606
16060
16071
16074
16077
16080
16092
16096
16098
16104
16105
16107
16111
16120
16125
16127
16132
16135
16136
16148
1615
16154
16155
16161
16171
16172
16173
16181
16185
16189
16192
16194
16195
16212
16213
16214
16215
16217
16222
16223
16224
16230
16232
16235
16236
16238
16239
16250
16252
16255
16256
16260
16262
16263
16264
16272
16274
1630
16309
16315
16316
16317
16320
16324
16325
16328
16329
16330
16331
16335
16344
16346
16347
16353
16355
16367
16372
16374
16375
16383
16385
16389
16393
164
16400
16401
1642
16424
16429
16432
16434
16438
16443
16445
16446
16449
1645
16450
16451
16452
16455
16457
16458
16461
16464
16465
16469
16476
16478
16483
16485
16492
165
1650
16502
16508
16512
16515
16518
16519
16520
16526
16527
16528
16530
16531
16532
16533
16534
16535
16537
1654
16544
16546
16547
16549
1655
16554
16557
16563
16569
16570
16576
16577
16581
16583
16585
16586
16589
16594
16595
16596
16597
1660
16602
16606
16617
16621
16622
16624
1664
16666
16669
16672
16680
16681
16690
16692
16694
16695
16696
16699
167
1670
16700
16701
16702
16707
16708
1671
16710
16713
16715
16717
16720
16723
16726
16729
16733
16734
16737
16738
1674
16748
16749
16750
16751
16753
16757
16759
16760
16763
16773
16776
16793
16794
16797
16806
16808
16809
16810
16811
16815
16818
16819
16821
16825
16826
16827
16828
16834
16835
16836
16844
16845
16847
16848
16862
16864
16866
16868
16869
16871
16874
16878
16881
16882
16887
1689
16890
16891
16893
16896
169
16904
16906
16909
16911
16914
16916
16920
16921
16922
16923
16924
16926
16928
1693
16934
16936
16940
16942
16943
16945
16946
16947
16948
16949
1695
16956
16964
16965
1697
16971
16972
16978
16979
16982
16983
16987
16995
16996
16997
16998
170
17002
17004
17005
17006
17007
17013
17019
17020
17023
17024
17026
17027
17035
1704
17043
17044
17045
17049
1705
17050
17053
17054
17058
1706
17060
17061
13975
13976
13978
13979
13980
13982
13983
13984
13990
13992
13994
140
14004
14005
1402
14024
14026
14027
1403
1404
14044
14046
14049
14052
14056
14059
14066
14067
14069
14072
14073
14078
14079
14080
14081
14083
1410
14108
14109
14110
14111
14117
14118
14120
14122
14129
14135
14138
14140
14142
14147
14150
14152
1416
14166
14171
14177
14178
14180
14184
14190
14191
14198
1420
14202
14205
14208
1421
14210
14216
14219
14221
14224
14225
14226
14230
14231
14235
14236
1424
14246
14254
14263
14267
14268
14269
1427
14273
14275
14277
1428
14280
14282
14298
14302
14305
14306
14307
14308
1431
14310
14318
14321
14325
14328
14329
14335
14337
14342
14346
14347
14348
14350
14351
14353
14355
14356
14357
14360
14363
14367
14369
14370
14379
14381
14382
14384
14386
14387
14389
14395
14397
14399
144
14406
14407
14409
14418
1442
14423
14424
14425
14431
14432
14434
14437
14439
14441
14442
14443
14445
14447
14451
14452
14453
14458
1446
14461
14462
14463
14465
14466
14467
14468
1449
14511
14513
14517
1452
14525
14528
14529
14531
14535
14536
14537
14542
14555
14557
14559
14562
14563
14565
14566
14567
14569
14575
14576
14578
14588
14594
14595
14596
14598
14599
14601
14605
14608
14618
14619
14621
14622
14623
14624
14625
14633
14634
14637
3521
3523
3525
3532
3534
3543
3545
3546
3548
3550
3553
3554
3561
3562
3565
357
3577
3580
3581
3582
3583
3585
3586
3590
3596
3597
3605
3620
3624
3627
3632
3639
364
3644
366
3665
3666
3672
3677
3679
3686
3687
3688
3689
3700
3703
3708
3716
3728
3729
3735
3736
3737
3745
3768
3769
377
3778
378
379
3797
3798
3810
3812
3814
3817
3818
3819
382
3820
3829
3830
3832
3833
384
3846
3849
385
3852
3857
3858
386
3868
3871
3872
3880
3887
3888
3889
3890
3893
3900
3902
3903
3907
3908
3911
3919
3920
3921
3923
3930
3937
3940
3943
3954
3963
3964
3971
3972
3974
3977
3978
3979
3983
3985
3988
399
400
4000
4003
4009
4011
4012
4013
4016
4017
4025
4032
4039
404
4040
4041
4042
4048
4055
4060
4067
4076
4077
4082
4085
4090
4105
4111
4122
4126
4139
4143
4147
415
4157
4158
4159
4164
4180
4181
4182
4183
4184
4185
4186
4198
420
4200
4207
4208
4209
421
4212
4214
4215
4222
4223
4233
4237
4239
4241
4242
425
4252
4255
4256
4259
4263
4274
4282
4286
4287
4288
4291
43
430
4303
432
4321
4324
4329
4332
4336
4337
4338
4344
4349
4356
4359
436
4360
437
4371
4373
4380
4386
440
4410
4418
4422
4429
444
4441
4442
4446
4448
4449
4451
446
4467
4468
4469
447
4474
4476
4479
4483
4484
4486
4488
4489
4499
45
4502
4504
4515
4516
4517
4521
4524
453
454
4541
4542
4556
4562
457
4572
458
4583
4592
4594
4596
4599
460
4600
4601
4603
4606
4607
4611
4617
4618
4631
4632
4633
4634
464
4640
4642
4646
4653
4654
4658
466
4660
4661
4666
467
4670
4677
4678
4679
4685
4689
12398
1240
12400
12401
12408
1241
12416
1242
12421
12424
12426
12428
12429
1243
12434
12437
12441
12442
12450
12453
12455
12456
12460
12466
12468
12471
12473
12474
12475
12482
12485
12487
12489
12493
12495
12499
12502
12503
12504
12506
12512
12513
12517
12521
12523
12524
12528
12530
12533
12536
12538
1254
12540
12541
12543
12548
12551
12552
12554
12555
12556
12558
12566
12569
12574
12576
12577
12588
12591
12592
12595
12596
12597
12600
12607
12608
12609
12611
12612
12614
12615
12618
12621
12623
12625
12628
12629
12632
12647
12652
12656
12661
12662
12663
12667
12671
12672
12674
12675
12679
12681
12687
12688
12690
12691
12692
12695
12696
12701
12704
12706
12707
12708
12720
12725
12730
12732
12735
12736
12742
12753
12756
12758
12759
12765
12771
12772
12773
12774
12775
12777
1278
12782
12785
12786
1279
12794
12796
12797
12810
12812
12814
12817
12818
12819
12825
12826
12827
1283
12830
12835
12840
12849
12856
12859
12862
12863
12867
12869
1287
12873
12877
12878
12887
12889
12890
12891
12892
12895
12906
12916
12924
12925
12928
12930
12934
12935
12937
12939
12942
12945
12947
12958
12959
1296
12967
12970
12975
12981
12986
12988
1299
12993
12994
12995
12996
12997
13001
13012
13014
13015
13018
1302
13020
13022
13031
13033
13034
13040
13047
13049
13051
13054
13056
13061
13062
13064
13068
13074
13075
13076
13082
13089
13091
13098
13104
13106
1311
13110
13111
13113
13115
13119
13120
13121
13122
13124
13125
13129
13130
13131
13134
13140
13145
13146
13147
13148
13151
13158
1316
13161
1317
13172
13173
13179
13189
13192
13194
13197
13198
13201
13202
13203
13205
13206
13207
13209
13210
13213
13215
13220
13221
13233
13234
13240
13243
13245
13246
13249
13250
13255
13259
1326
13261
13263
13264
13274
1328
13280
13282
13283
13287
13291
13292
13293
13297
13299
13302
13303
13305
1331
13310
13311
13315
13322
13323
13328
13331
13333
13336
13339
13342
13344
13345
13346
13350
1336
13361
13363
13364
13371
13372
13382
13383
13391
13396
13399
13400
13404
13406
1341
13411
13412
13413
13414
13418
13421
13426
13428
13442
13445
13450
13453
13456
13457
13458
13460
13461
13462
13466
13467
13470
13472
13478
13479
1348
13486
1349
13493
13500
13501
13505
13517
1352
13521
13524
13525
13527
13532
13543
13551
13552
13553
13557
13560
13562
13564
13565
13570
13571
13572
13574
13576
13581
13582
13583
1359
13594
13595
13600
13604
13606
13611
13612
13614
13620
13625
13629
13630
1365
13665
13666
1367
13670
13671
13672
13674
13675
13678
1368
13684
13687
1369
13690
13692
13693
13699
13703
13705
1371
13712
13716
1372
13722
13723
13729
13730
13731
13739
13740
13741
13742
13749
13756
13758
13759
13765
13766
13771
13772
13774
13776
13778
13784
13789
13795
13796
13798
13804
13805
13806
13809
13821
13825
13826
13830
13831
13836
13837
13841
13843
13852
13855
13864
13865
13868
13871
13872
13873
13878
13879
13884
13885
13887
13890
13891
13899
13902
13904
13907
13908
1391
13912
13914
13919
13927
13928
1393
13930
13931
13934
1394
13942
13943
13950
13953
13957
13959
13968
13973
10001
10003
10004
10008
10010
10012
10014
10018
1002
10020
10021
10022
10031
10032
10042
10049
10050
10052
10057
1006
10061
10066
10068
10069
10074
10077
10078
10079
10084
10085
10088
1009
10090
10095
10097
10100
10103
10119
10122
10126
10129
10137
10138
10140
10144
10145
10157
10159
10160
10162
10165
10167
10168
10169
10173
10177
10179
10185
10186
10191
10192
10199
10201
10204
10214
10215
10220
10221
10224
10225
10230
10234
10238
10239
10255
10256
10258
10260
10261
10278
10282
10283
10292
10297
10298
10300
10301
10302
10304
10306
10311
10313
10316
10320
10323
10328
10330
10332
10337
10340
10345
10348
10363
10364
10366
10367
10368
10372
10373
10375
10376
10377
10378
10379
10381
10386
10398
10407
10412
10417
10420
10421
10422
10424
10431
10435
10440
10449
10455
10457
10458
10459
10466
10476
10480
10481
10482
10489
10490
10491
10503
10506
10515
10517
10518
10531
10535
10540
10541
10542
10543
10544
10545
10547
10548
10551
10553
10555
10556
10557
10560
10561
10562
10563
10564
10570
10571
10574
10576
10578
10588
10590
10591
10592
10594
10596
10599
10604
10605
10612
10615
10618
10621
10636
10642
10643
10647
10651
10655
10656
10660
10665
10672
10679
10696
10697
10707
10715
10716
10718
10719
1072
10720
10731
10736
10737
10738
10739
10742
10743
10744
10746
10747
10748
10750
10752
10753
10754
10756
10757
10758
10760
10774
10776
10780
10783
10785
10786
10788
10789
10790
10792
10796
10797
10800
10801
10802
10812
10813
10816
10828
10834
10839
10840
10842
10843
10844
10858
10868
10872
10877
10881
10883
10884
10885
10889
10899
10908
10915
10918
10923
10927
10930
1094
10945
1095
10955
10956
10958
10959
10967
1097
10970
1098
10982
10984
1099
10990
1100
11003
11005
11007
11008
1101
11012
11014
1102
11027
1103
11036
11038
11039
11041
1105
11056
1106
11070
11072
11076
11078
11080
11082
11088
11089
1109
11092
11095
11096
11097
1110
11100
11102
11109
1111
11111
11112
11113
11118
11126
11127
11128
11138
11140
11141
11143
11145
11146
11150
11158
1116
11165
11166
1117
11171
11177
11179
1118
11181
11182
11184
11189
1119
11190
11195
11202
11204
11205
11206
11214
11215
11216
11217
11219
1122
11222
11223
11226
11228
1123
11230
11238
1124
11240
11243
11244
11246
11252
11253
11256
11260
11261
11267
1127
11270
11282
11283
11286
11289
1129
11290
11294
11295
11299
1130
11301
11308
11309
11310
11316
1132
11320
11322
11333
11338
11339
1134
11342
11351
11352
11363
11364
11365
11366
11368
11375
11376
11377
1138
11381
11382
11383
11384
11388
11389
1139
11390
11393
11397
11401
11404
11406
11410
11411
11421
11424
11427
11429
1143
11431
11437
11439
11440
11442
11443
11444
11447
1145
11452
11454
11461
11464
11475
11477
11481
11482
11490
11508
11510
11519
1152
11520
11521
11526
11527
11531
11532
11533
11534
11536
11539
11540
11541
11543
11545
11547
11548
11553
11554
11560
11561
11563
11566
11567
11568
11572
11575
11576
11577
11579
11590
11593
11599
11605
11609
11610
11611
11616
11622
11626
11628
11632
11635
11636
11638
11639
11640
11642
11643
11645
11649
11666
11674
11675
11683
11685
11688
11689
11691
11696
11697
11708
11720
11721
11724
11727
11729
11732
11735
11737
11739
11740
11742
11745
11750
11756
11764
11765
11766
11767
11770
11772
11773
11779
11780
11783
11785
11787
11789
11790
1180
11807
11808
11812
1182
11822
11824
11825
11829
11830
11834
11835
11836
11837
11855
11859
11860
11863
11866
11869
11878
11888
11891
11892
11894
11896
11902
11903
11913
11920
11924
11927
11933
11940
11946
11949
1195
11952
11954
1196
11963
11965
11969
11971
11976
11977
11981
11986
11990
11994
11995
11997
11998
12001
12005
1201
12014
12015
12021
12022
12024
12037
12041
12042
12048
12049
12051
12054
12059
12062
12063
12065
12082
12088
12091
12094
12095
12097
12098
12099
12100
12101
12102
12104
12106
12109
12112
12115
12119
12120
12121
12123
12124
12125
12127
12128
12131
12134
12135
12140
12150
12152
12153
12155
12163
12166
12169
12171
12179
12184
12193
12199
12200
12206
12207
12214
12215
12221
12226
12228
12229
12237
12241
12242
12243
12250
12255
12257
12260
12262
12269
12273
12275
12276
12277
12280
12284
12286
1229
12294
12295
12296
12297
12307
12310
12314
12318
12319
12323
12324
12325
1233
12330
12332
12338
12342
12343
12348
12362
12364
12365
12369
12370
12372
12373
12375
1238
12389
12392
14640
14641
14642
14645
14647
14648
14649
1465
14651
14653
14654
14667
14668
1467
14677
14679
1468
14680
14683
14688
14690
14693
14694
14696
14697
14699
14701
14709
1471
14711
14712
14713
14715
1472
14724
14732
14735
14745
14746
14752
14753
14754
14755
14758
14764
14765
14775
14776
14777
14780
14789
1479
14795
14797
14804
14805
14813
14817
14821
14826
14828
14836
14838
14839
14845
14855
14859
14866
1487
14870
14879
1488
14884
14885
14887
14889
1489
14890
14892
14896
14900
14903
14904
14905
14906
14911
14914
14918
14919
1492
14920
14927
14928
14929
14930
14933
14934
14936
14938
14942
14946
14949
14951
14952
14953
14954
14955
14956
14965
14968
14971
14972
14977
14978
14982
14985
1499
14994
14998
150
1500
15002
15009
15012
15014
15015
15020
15023
15024
15029
15030
15031
15033
15036
15039
15040
15041
15048
15049
15051
15054
15058
1506
15066
15069
15071
15075
15077
15078
15079
1508
15085
15087
15094
15098
15099
15103
15105
15106
15109
15117
1512
15120
15124
15139
15142
15143
15145
15147
15149
15152
15154
15157
15160
15163
15166
15167
15169
1517
15170
15177
1518
15183
15184
15185
15186
15187
15189
15191
15194
15198
15202
15205
15212
15218
15221
15222
15228
1523
15230
15235
15236
15242
15243
15245
15248
15249
15251
15254
15257
15267
15270
15272
15273
15275
15276
15278
15279
15280
15295
15296
15297
15298
15301
15303
15310
15316
1532
15322
15326
15328
15333
15340
15341
15342
15358
15360
15362
15365
15367
15368
15371
15376
15378
15384
15385
15387
15388
15390
15391
15393
15395
15399
15403
15405
15408
1541
15411
15414
15416
15418
1542
15421
15424
15426
15427
15429
15436
15437
15440
15444
15448
1545
15455
15456
15457
15474
15475
15477
1548
15481
15485
1549
15490
15493
15494
15499
155
15500
15501
15506
15509
8397
84
8403
8407
8408
8410
8411
8415
8419
8422
8423
8425
8428
8431
8432
8435
8440
8441
8455
8458
8459
846
8463
8467
8473
8477
8481
8482
8483
8488
8495
8498
8499
85
8504
8513
8514
8515
8519
8521
8528
853
8530
8531
8532
8536
8540
8542
8545
8548
8549
8550
8552
8569
8572
8573
8581
8583
8587
8588
8596
8598
8606
8607
8608
8614
8618
8619
8620
8622
8623
8626
8627
8628
8634
8635
8637
8639
8640
8641
8642
8643
8644
8645
8646
8647
8648
8649
8651
8653
8659
8674
8684
8687
8696
8697
8698
8710
8711
8720
8723
8732
8738
8739
8744
8749
8754
8757
8758
8760
8762
8764
8767
8769
877
8774
8775
8780
8782
8792
8793
8807
881
8812
8819
8824
8828
8830
8835
8841
8851
8858
8863
8864
8867
8869
8872
8873
8874
8875
8877
8878
888
8881
8882
8883
8890
8892
8893
8894
8895
8901
8903
8904
8905
8908
8910
8911
8913
8915
892
8920
8922
8923
8926
8932
8934
894
8941
8967
8968
8969
8971
8972
8973
8978
898
8980
8981
8985
8987
8988
8989
899
8990
8991
9009
903
9033
9036
9037
904
905
9052
9055
9056
9058
9059
9067
907
9074
908
9082
9085
9088
909
9094
9096
910
9104
9108
9111
9112
9117
9118
9119
912
9120
9121
9124
9137
9138
9144
9145
9146
9147
9151
9152
9153
9154
9165
9174
9182
9184
9185
9186
919
9190
9191
9199
9201
9202
9203
9209
921
9210
9211
9216
9223
9224
9229
9233
9237
924
9241
9242
9244
9246
9247
9248
9252
9257
9264
9273
9274
9275
9279
9280
9282
9287
9291
9293
9294
9295
9297
9298
9299
930
932
9321
9322
9323
9324
9325
9326
9327
9328
933
9330
9331
9334
9335
9338
9341
9346
9347
9360
9372
9377
9379
938
9380
9382
9384
9385
9388
939
9394
9398
94
940
9403
9404
9405
9409
941
9414
9419
942
9420
9421
9425
943
9431
9436
944
9440
9443
9448
9449
9452
9453
9459
946
9460
9462
9470
9472
9473
9474
9485
9486
9489
9490
9491
9492
9493
9496
9499
9500
9502
9514
9521
9526
953
9530
954
9542
9543
9552
956
957
9571
9572
9573
9576
9582
9585
959
9590
9591
9594
9595
9597
9598
9599
960
9600
9603
9604
9605
9608
9609
9611
9613
9614
9615
962
9623
9624
9626
9628
963
9630
9633
9634
9637
965
9652
966
9668
9669
967
9670
9675
9677
9689
9691
9692
9700
9703
9704
9708
9710
9712
9717
972
9720
9721
9722
9726
9732
9745
9746
9747
9748
9749
975
9751
9753
9754
9755
9756
9757
9764
977
9773
9775
9780
9783
9787
9800
9805
9809
9814
9823
9837
9838
9840
9843
9846
9848
9850
9851
9852
9854
9856
9857
9859
9864
9865
9871
9876
9877
9880
9886
9889
9893
9899
9902
9905
9906
9907
9908
9909
9910
9911
9912
9913
9915
9916
9917
9922
9925
9926
9937
9941
9961
9964
9970
9973
9978
9983
9984
9985
9986
9987
9995
9996
9998
6511
6525
654
6540
6546
6548
655
6556
6566
657
6570
6577
6578
658
6586
6587
6588
659
6594
6595
6599
660
6603
6605
6607
661
6610
6615
6616
6617
6627
6628
663
6635
664
6648
6649
665
6656
6668
6670
6679
6684
6689
669
6690
6696
6703
6706
6712
6719
6722
6730
6734
6740
6750
6751
6752
6753
6755
6756
6762
6765
6770
6771
6772
6773
6774
6777
6780
6783
6788
6791
6792
6793
6798
6818
6819
682
6823
6837
6840
6844
6845
6849
6852
6853
6854
6857
6859
6870
6871
6872
6874
6877
688
6881
6882
6883
6888
6889
6892
6899
6900
6902
6903
6907
6913
6917
6919
6926
6930
6932
6936
6939
6943
6946
6952
6958
6959
6964
6971
6985
6992
6994
6995
6996
7000
7010
7012
7013
7015
7018
7020
7021
7023
7026
7028
7030
7031
7034
7036
704
7045
7049
7053
706
7061
7067
7068
7073
7085
7086
7087
7091
7094
7096
7099
7109
7111
7113
7121
7122
7123
7126
7128
7132
7135
7138
7143
7145
7150
7152
7158
7159
716
7162
7165
717
7170
7172
7180
7182
719
7191
7193
7205
7206
7209
7217
7221
7223
7224
7226
7227
7232
7242
7244
7246
7249
7257
7261
7262
7264
7265
7267
7274
7276
728
7283
7293
7294
7301
7304
7308
7316
7320
7342
7346
7349
735
7350
7351
7357
7362
7363
7368
738
7380
7381
7383
7385
7388
739
7400
7401
7409
7411
7412
7435
7436
7437
7439
7443
7450
7454
7461
7462
7463
7464
7476
7478
7479
7480
7486
7487
7488
7491
7492
7496
7508
7509
7510
7513
7514
7524
7525
7532
7534
7537
7539
7547
7548
7549
7558
7564
7566
7567
7568
7569
7572
7573
7574
7575
7584
7587
7593
7594
7608
7636
7644
7646
7650
7656
7658
7662
7666
7671
7672
7673
7674
7679
7680
7682
7687
7690
7693
7697
7702
7705
7711
7725
7731
7732
7734
7742
7744
7748
7757
7758
7766
7774
7775
7780
7786
7793
7794
7797
7804
7806
7808
7811
7829
7831
7834
7839
7844
7854
786
7862
787
7873
7876
7877
7879
7880
7886
7892
7905
7909
7910
7913
7914
7919
7921
7924
7927
7930
7935
7936
7940
7945
7947
7948
7952
7958
7960
7962
7966
7967
7971
7976
7977
7978
7982
7984
7988
7994
7997
7999
8000
8003
8004
8007
801
8011
8013
8015
802
8023
8025
8026
8027
8029
8030
8033
8036
805
8052
8057
806
8069
807
8070
8071
8074
808
8082
8083
8087
8088
809
810
8101
8108
8109
8112
8119
812
8132
8133
8135
8147
815
8151
8152
8153
8163
8168
8169
817
8172
8173
818
8180
8183
8186
8187
8188
8192
8196
8197
8199
820
8200
8202
8205
8207
8209
821
8215
8217
822
8227
823
8234
8242
8249
8251
8253
8255
8256
8259
8260
8261
8271
8277
8282
8283
8284
8292
8297
83
8303
8307
8308
8311
8314
8317
8318
8334
8335
8341
8346
8347
8348
8349
8350
8353
8355
8356
8362
8365
8367
8368
8374
8376
8385
8391
8392
4694
4708
471
4713
4714
4722
4724
4730
4757
4758
4764
4767
4768
4769
4771
4775
4776
4777
4778
4784
4785
4786
4787
4795
4802
481
4818
4825
4830
4832
4835
484
4845
4847
485
4851
4852
4859
486
4861
4862
4869
4871
4875
4878
4881
4884
4885
4887
4909
4913
4916
4917
4919
4921
4926
4934
4936
4938
4945
4947
4949
4951
4957
4958
4959
4963
4969
497
4971
4972
4985
4986
4988
4996
4997
5007
5011
5013
502
5028
503
5034
504
5043
5046
505
5055
5056
5067
5073
5075
5082
5086
5090
5096
5104
5106
5107
5108
5110
5112
512
5132
5133
5136
5137
5138
5143
5159
516
5160
5161
5166
5168
5169
517
5170
5173
5177
5178
5180
52
5200
5201
5202
5217
5219
5220
5229
523
5231
5232
5235
5251
5256
5257
5264
527
5271
5272
528
5280
529
5296
5303
5304
5305
532
5320
5325
5335
5341
5348
535
5357
5361
5364
5365
537
5373
5374
5378
5380
5381
5384
5385
5398
54
5400
5403
5407
5408
5409
542
5422
5438
5444
5448
5450
5452
5454
5458
5459
5462
5464
5466
5475
5479
5480
5484
5485
5486
5493
5494
5496
5497
5500
5501
5502
5503
5505
5506
5510
5515
5521
5522
5523
5534
5537
5538
5539
5540
5546
5547
5548
5563
5570
5575
5579
5580
5582
5583
5584
5585
5586
5587
5590
5591
5592
5600
5603
5604
5605
5606
5607
5608
5610
5617
5627
5628
5632
5641
5652
5654
5660
5664
5665
5667
5673
5674
5677
5681
5682
5683
5684
5685
5692
5697
5698
5710
5711
5712
5716
5719
5721
5725
5727
5728
5732
5747
5748
5758
5759
5760
5764
5775
5779
5782
5783
5784
5794
5799
5801
5812
5826
5835
5838
5841
5843
5849
5851
5855
5857
5860
5863
5879
5882
5883
5884
5885
5887
5889
5890
5895
5896
5898
5900
5901
5903
5904
5907
5911
5916
5918
5919
5920
5922
5928
5938
5941
5946
5947
5948
5949
5951
5952
5953
5954
5957
5958
5960
5978
5980
5981
5982
5983
5984
5988
5994
6011
6016
6018
6020
6022
6023
6034
6036
6043
6048
6051
6052
6056
6058
6059
6064
6066
6070
6073
6078
6080
6081
6083
6084
6089
6092
6108
6109
6112
6114
6117
6119
6122
6124
6126
6129
6131
6134
6135
6136
6139
6140
6145
6148
6151
6155
6158
6160
6161
6163
6168
6169
6170
6171
6172
6173
6174
6179
6185
6193
6194
6198
6202
6209
6216
6217
6218
6221
6224
6226
6228
6229
6230
6238
6240
6241
6247
6250
6252
6260
6261
6283
6286
6293
6297
630
6301
6307
6311
6313
6314
6321
6327
6328
6329
6336
6339
634
6341
6349
6350
6351
6354
6355
6357
6358
6359
636
6361
6363
6365
6366
6367
6368
6369
6370
6373
6375
6376
6377
6378
6381
6382
6383
6393
640
6401
6403
6404
6407
6409
6413
6418
6420
6422
6429
6432
6433
6435
6441
6447
6456
646
6462
6466
6467
6468
6469
6470
648
6483
6484
6485
6486
6491
650
6506
6507
6509
651
2656
2657
2660
2664
2670
2672
2676
2679
2681
2684
2685
2695
2697
2699
27
2700
2702
2703
2708
2711
2718
2719
2721
2724
2729
2732
2742
2744
2745
2746
2751
2757
2758
2764
2765
2768
2769
2770
2773
2774
2775
2777
2778
2779
2782
2785
2787
2791
281
2810
2828
284
2845
2847
2849
2860
2864
2865
2867
2868
2872
2874
2879
2880
2881
2889
2890
2892
29
290
2900
2901
2902
2903
2904
2905
2906
2907
2908
2910
2911
2912
2914
2919
2924
2928
2929
2930
2931
2933
2936
2939
2943
2949
2950
2967
2968
2978
2981
2982
2987
2995
30
3013
3025
3026
3073
3083
3087
3091
3094
3098
3111
3114
3120
3124
3127
3128
3145
3155
3161
3165
3169
3183
3186
3193
3195
3196
3198
3200
3201
3203
3204
3208
3212
3214
3217
3221
3228
3233
3234
3243
3244
3245
3261
3262
3264
3266
3267
3275
3276
3277
3283
3286
3290
3292
3294
3298
3318
3320
3329
3345
3347
3349
335
3355
3356
3359
336
3360
3363
3365
3379
3383
3396
3406
3407
3409
3412
3419
3422
3425
3426
3427
3428
3429
3434
344
3442
3444
3448
3462
347
3479
3480
3494
3496
3497
3500
3502
3506
3511
3512
3514
3515
3517
3519
352
18666
18667
18675
18676
18683
18684
18686
18690
18691
18692
18693
18696
18699
18707
18708
18715
18724
18725
18730
18732
18735
18736
18737
18738
18750
18752
18753
18764
18765
18774
18778
18779
18780
18783
18785
18787
18796
18798
18800
18804
18811
18816
18822
18828
18834
18836
18837
18843
18850
18853
18856
18863
18865
18868
18871
18873
18876
18878
18881
18888
18892
18895
18902
18903
18905
18912
18913
18918
18921
18924
18925
18927
18930
18935
18944
18945
18946
18950
18959
18960
18962
18963
18965
18967
18970
18972
18976
18977
18985
18991
18993
190
19001
19002
19015
19018
19019
19021
19042
19049
19050
19052
19054
19058
19062
19066
19075
19082
19091
19092
19098
19102
19105
19106
19114
19115
19119
19126
19127
19128
19130
19131
19132
19136
19146
19150
19151
19153
19163
19164
19166
19168
19169
19170
19178
19180
19191
19193
19195
19196
19199
19200
19213
19220
19221
19222
19225
19226
19232
19233
19235
19236
19241
19248
19249
19255
19258
19260
19261
19272
19277
19279
19281
19283
19284
19286
19290
19294
193
19301
19302
19304
19337
19352
19393
19394
19395
19406
19410
19411
19416
19428
19433
19435
19437
19438
19440
19446
19482
19486
19516
19517
19522
19533
19539
19542
19553
19557
19559
19562
19564
19567
19573
19574
19576
19578
19590
19591
19592
19596
19599
19600
19602
19603
19606
19610
19611
19615
19616
19617
19621
19623
19624
19625
19628
19647
19648
19649
19657
19659
19662
19663
19673
19674
19681
19682
19686
19692
197
19702
19712
19724
19727
19737
19744
19767
19768
19770
19771
19813
19883
19884
19949
201
20140
20192
20226
20366
20373
204
20466
20469
20588
20611
20628
20632
20633
20638
20645
20651
20652
20661
20673
20678
20681
20682
20683
20686
20693
2077
2083
20859
2087
20876
20877
2088
2090
20942
210
2100
21044
2106
211
21163
21199
2120
2127
2130
2131
21382
214
2142
2145
2146
21472
21487
2152
21565
2158
2159
2160
21740
2176
21776
2182
219
2196
2199
21997
220
2200
2201
22031
2204
2209
22113
2215
2218
22222
2224
2226
2227
2230
22372
22382
2239
22415
2242
22517
22518
2256
22566
226
22627
2263
22633
2265
2269
227
2271
22764
2287
2288
229
22912
22969
22974
2298
2306
2309
2310
2317
2321
2325
2333
23393
2342
23420
2367
2371
2372
2377
2380
2381
2382
2383
2384
2399
24005
24016
2402
24033
24038
24056
24087
241
2410
24103
24104
2415
24157
2418
24228
24240
24243
24251
24256
24286
24295
24305
24308
24309
24318
2432
24321
2433
24340
24348
2435
2436
24373
24383
24405
2441
24418
24434
24440
24441
24442
24448
24453
24456
24457
24458
2446
24463
24465
24469
24471
24474
24476
24477
24481
24489
24490
24491
24492
24493
24496
24503
2452
246
2461
2465
2467
2471
248
2482
2483
2489
2490
2491
250
2505
2506
251
2511
2512
2513
2518
252
2520
2525
2528
2534
2535
2541
2543
2549
2555
2556
2558
256
2564
2568
2569
2573
2574
2581
2586
2589
2597
2600
2605
2606
2621
2625
2627
2629
263
2637
2639
2642
2643
2644
2646
2650
2652
2654
2655
17063
17064
17067
17072
17074
17075
17082
17084
17085
17090
17091
17099
171
17101
17103
17105
17111
17114
17115
17118
17126
17127
17130
17131
17132
17133
17134
17135
1714
1715
17154
17155
17159
17163
17180
17183
17185
17187
17194
17198
1720
17203
17204
17212
17214
17218
17225
1723
17234
1724
17248
17253
17254
17267
17272
17274
17280
17281
17282
17285
17287
17293
17297
17298
1730
17304
17305
17310
17311
17313
17314
17318
17320
1733
17332
17333
1734
17340
17341
17344
17346
17351
17352
17364
17365
17370
17373
17374
17381
17382
17383
17387
17389
17390
17392
17393
17394
17395
17397
17401
17404
17408
1741
17413
17414
17415
17417
1742
17420
17421
17425
17426
17436
17438
17448
17449
17451
17454
17456
17458
17460
17468
17476
17480
17481
17485
17499
17504
17505
17507
17510
17513
17517
17522
17523
17524
17528
17532
17533
17535
17543
17544
17545
17548
17549
17550
17553
17555
17558
17562
17565
17568
17572
17577
17578
1758
17580
17583
17584
17587
1759
17595
17601
17606
17608
17619
1762
17621
17622
17623
17629
17631
17636
17640
17643
17645
17658
1766
17670
17671
17672
17674
17675
17678
17682
17683
17684
17685
17686
1769
17691
17694
17699
1770
17700
17702
17706
1771
17710
17719
17725
17730
17738
17759
17760
17761
17762
17763
17764
17766
17768
17769
17770
17772
17777
17780
17782
17786
17789
17791
17798
17799
17801
17802
17803
17808
17809
17812
17816
17819
17825
17837
17838
17840
17844
17850
17851
17856
17858
17859
17865
17868
17869
17873
17874
17876
17877
17885
1789
17890
17904
17908
17909
17911
17917
17919
17923
17929
1793
17932
17939
17941
17945
17947
17953
17957
17965
17977
17979
17980
17983
17984
17988
17992
17996
180
18001
18005
18009
1801
18013
18014
18015
18018
18019
18021
18024
18027
18029
18031
18032
18036
18041
18043
18044
18047
18055
18056
18057
18061
18063
18064
18076
18086
18088
18089
18096
18097
18099
18101
18103
18104
18108
18109
18110
18115
18129
18130
18132
18134
18139
18144
18145
18146
18155
18156
18165
18166
18167
18168
1817
18170
18171
18172
18173
18175
18180
18181
18182
18185
18186
18187
18188
18191
18196
18198
182
18207
18208
18209
18214
18221
18229
1823
18230
1824
18246
18247
18249
18253
18258
18260
18265
18266
18271
18272
18276
18278
18280
18281
18282
18284
18286
18289
18290
18291
18296
18297
18298
18299
183
18302
18304
18305
18311
18323
18326
1833
18343
18344
18346
18350
18351
18352
18354
18357
18359
18360
18361
18363
18364
18368
18369
18373
18378
18381
18383
18384
1839
18396
18398
18399
184
1840
18408
18410
18412
18413
18416
18422
18424
18443
1845
18450
18455
18458
18460
18461
18462
18467
18468
18474
18478
18481
18483
18484
18490
18492
18498
1850
18501
18502
18503
18505
18507
18508
18512
18516
18518
18519
18522
18523
18527
18529
18530
18531
18536
18537
18546
18555
18560
18568
1857
18571
18579
18582
18583
18584
18588
1859
18590
186
1860
18604
18607
18609
1861
18611
18612
18613
18614
18617
1862
18624
18627
18628
18629
18631
18639
1864
18642
18645
18646
18647
18649
18657
18658
18660
18662
18665
15512
15514
15516
15517
15520
15524
15526
15527
15528
15529
15531
15533
1554
15544
15548
15549
15551
15556
15558
15559
15560
15562
15563
15564
15566
15567
15568
15569
1557
15576
15579
15583
15584
15586
15589
15590
15598
1560
15604
15605
1561
15611
15620
15623
15624
15625
15626
15629
15630
15631
15632
15645
15649
15650
15651
15655
15658
15673
15674
15676
15677
15679
15682
15683
15688
1569
15692
15695
15699
1570
15703
15708
1571
15710
15712
15720
15722
15727
1573
15731
15732
15739
1574
15742
15743
15744
15745
15746
15752
15754
15760
15764
15766
15768
1577
15770
15777
15778
15779
15782
1579
158
15807
15809
15812
15814
1582
15823
15825
15829
1583
15830
15834
15835
1584
15841
15846
15849
15850
15851
15853
15855
15859
15865
15870
15873
15875
15880
15886
15887
15888
1589
15890
15894
15897
159
1590
15900
15902
15911
15914
15915
15916
15919
15920
15921
15922
15927
1593
15932
15933
15937
15938
1594
15947
15951
15961
15963
15969
15974
15981
15988
1599
15995
15997
15998
15999
1600
16002
16003
16006
16009
16012
16013
16014
16016
1602
16022
16028
16033
16034
16037
16039
16040
16041
16044
16046
16047
16051
1606
16060
16071
16074
16077
16080
16092
16096
16098
16104
16105
16107
16111
16120
16125
16127
16132
16135
16136
16148
1615
16154
16155
16161
16171
16172
16173
16181
16185
16189
16192
16194
16195
16212
16213
16214
16215
16217
16222
16223
16224
16230
16232
16235
16236
16238
16239
16250
16252
16255
16256
16260
16262
16263
16264
16272
16274
1630
16309
16315
16316
16317
16320
16324
16325
16328
16329
16330
16331
16335
16344
16346
16347
16353
16355
16367
16372
16374
16375
16383
16385
16389
16393
164
16400
16401
1642
16424
16429
16432
16434
16438
16443
16445
16446
16449
1645
16450
16451
16452
16455
16457
16458
16461
16464
16465
16469
16476
16478
16483
16485
16492
165
1650
16502
16508
16512
16515
16518
16519
16520
16526
16527
16528
16530
16531
16532
16533
16534
16535
16537
1654
16544
16546
16547
16549
1655
16554
16557
16563
16569
16570
16576
16577
16581
16583
16585
16586
16589
16594
16595
16596
16597
1660
16602
16606
16617
16621
16622
16624
1664
16666
16669
16672
16680
16681
16690
16692
16694
16695
16696
16699
167
1670
16700
16701
16702
16707
16708
1671
16710
16713
16715
16717
16720
16723
16726
16729
16733
16734
16737
16738
1674
16748
16749
16750
16751
16753
16757
16759
16760
16763
16773
16776
16793
16794
16797
16806
16808
16809
16810
16811
16815
16818
16819
16821
16825
16826
16827
16828
16834
16835
16836
16844
16845
16847
16848
16862
16864
16866
16868
16869
16871
16874
16878
16881
16882
16887
1689
16890
16891
16893
16896
169
16904
16906
16909
16911
16914
16916
16920
16921
16922
16923
16924
16926
16928
1693
16934
16936
16940
16942
16943
16945
16946
16947
16948
16949
1695
16956
16964
16965
1697
16971
16972
16978
16979
16982
16983
16987
16995
16996
16997
16998
170
17002
17004
17005
17006
17007
17013
17019
17020
17023
17024
17026
17027
17035
1704
17043
17044
17045
17049
1705
17050
17053
17054
17058
1706
17060
17061
13975
13976
13978
13979
13980
13982
13983
13984
13990
13992
13994
140
14004
14005
1402
14024
14026
14027
1403
1404
14044
14046
14049
14052
14056
14059
14066
14067
14069
14072
14073
14078
14079
14080
14081
14083
1410
14108
14109
14110
14111
14117
14118
14120
14122
14129
14135
14138
14140
14142
14147
14150
14152
1416
14166
14171
14177
14178
14180
14184
14190
14191
14198
1420
14202
14205
14208
1421
14210
14216
14219
14221
14224
14225
14226
14230
14231
14235
14236
1424
14246
14254
14263
14267
14268
14269
1427
14273
14275
14277
1428
14280
14282
14298
14302
14305
14306
14307
14308
1431
14310
14318
14321
14325
14328
14329
14335
14337
14342
14346
14347
14348
14350
14351
14353
14355
14356
14357
14360
14363
14367
14369
14370
14379
14381
14382
14384
14386
14387
14389
14395
14397
14399
144
14406
14407
14409
14418
1442
14423
14424
14425
14431
14432
14434
14437
14439
14441
14442
14443
14445
14447
14451
14452
14453
14458
1446
14461
14462
14463
14465
14466
14467
14468
1449
14511
14513
14517
1452
14525
14528
14529
14531
14535
14536
14537
14542
14555
14557
14559
14562
14563
14565
14566
14567
14569
14575
14576
14578
14588
14594
14595
14596
14598
14599
14601
14605
14608
14618
14619
14621
14622
14623
14624
14625
14633
14634
14637
3521
3523
3525
3532
3534
3543
3545
3546
3548
3550
3553
3554
3561
3562
3565
357
3577
3580
3581
3582
3583
3585
3586
3590
3596
3597
3605
3620
3624
3627
3632
3639
364
3644
366
3665
3666
3672
3677
3679
3686
3687
3688
3689
3700
3703
3708
3716
3728
3729
3735
3736
3737
3745
3768
3769
377
3778
378
379
3797
3798
3810
3812
3814
3817
3818
3819
382
3820
3829
3830
3832
3833
384
3846
3849
385
3852
3857
3858
386
3868
3871
3872
3880
3887
3888
3889
3890
3893
3900
3902
3903
3907
3908
3911
3919
3920
3921
3923
3930
3937
3940
3943
3954
3963
3964
3971
3972
3974
3977
3978
3979
3983
3985
3988
399
400
4000
4003
4009
4011
4012
4013
4016
4017
4025
4032
4039
404
4040
4041
4042
4048
4055
4060
4067
4076
4077
4082
4085
4090
4105
4111
4122
4126
4139
4143
4147
415
4157
4158
4159
4164
4180
4181
4182
4183
4184
4185
4186
4198
420
4200
4207
4208
4209
421
4212
4214
4215
4222
4223
4233
4237
4239
4241
4242
425
4252
4255
4256
4259
4263
4274
4282
4286
4287
4288
4291
43
430
4303
432
4321
4324
4329
4332
4336
4337
4338
4344
4349
4356
4359
436
4360
437
4371
4373
4380
4386
440
4410
4418
4422
4429
444
4441
4442
4446
4448
4449
4451
446
4467
4468
4469
447
4474
4476
4479
4483
4484
4486
4488
4489
4499
45
4502
4504
4515
4516
4517
4521
4524
453
454
4541
4542
4556
4562
457
4572
458
4583
4592
4594
4596
4599
460
4600
4601
4603
4606
4607
4611
4617
4618
4631
4632
4633
4634
464
4640
4642
4646
4653
4654
4658
466
4660
4661
4666
467
4670
4677
4678
4679
4685
4689
12398
1240
12400
12401
12408
1241
12416
1242
12421
12424
12426
12428
12429
1243
12434
12437
12441
12442
12450
12453
12455
12456
12460
12466
12468
12471
12473
12474
12475
12482
12485
12487
12489
12493
12495
12499
12502
12503
12504
12506
12512
12513
12517
12521
12523
12524
12528
12530
12533
12536
12538
1254
12540
12541
12543
12548
12551
12552
12554
12555
12556
12558
12566
12569
12574
12576
12577
12588
12591
12592
12595
12596
12597
12600
12607
12608
12609
12611
12612
12614
12615
12618
12621
12623
12625
12628
12629
12632
12647
12652
12656
12661
12662
12663
12667
12671
12672
12674
12675
12679
12681
12687
12688
12690
12691
12692
12695
12696
12701
12704
12706
12707
12708
12720
12725
12730
12732
12735
12736
12742
12753
12756
12758
12759
12765
12771
12772
12773
12774
12775
12777
1278
12782
12785
12786
1279
12794
12796
12797
12810
12812
12814
12817
12818
12819
12825
12826
12827
1283
12830
12835
12840
12849
12856
12859
12862
12863
12867
12869
1287
12873
12877
12878
12887
12889
12890
12891
12892
12895
12906
12916
12924
12925
12928
12930
12934
12935
12937
12939
12942
12945
12947
12958
12959
1296
12967
12970
12975
12981
12986
12988
1299
12993
12994
12995
12996
12997
13001
13012
13014
13015
13018
1302
13020
13022
13031
13033
13034
13040
13047
13049
13051
13054
13056
13061
13062
13064
13068
13074
13075
13076
13082
13089
13091
13098
13104
13106
1311
13110
13111
13113
13115
13119
13120
13121
13122
13124
13125
13129
13130
13131
13134
13140
13145
13146
13147
13148
13151
13158
1316
13161
1317
13172
13173
13179
13189
13192
13194
13197
13198
13201
13202
13203
13205
13206
13207
13209
13210
13213
13215
13220
13221
13233
13234
13240
13243
13245
13246
13249
13250
13255
13259
1326
13261
13263
13264
13274
1328
13280
13282
13283
13287
13291
13292
13293
13297
13299
13302
13303
13305
1331
13310
13311
13315
13322
13323
13328
13331
13333
13336
13339
13342
13344
13345
13346
13350
1336
13361
13363
13364
13371
13372
13382
13383
13391
13396
13399
13400
13404
13406
1341
13411
13412
13413
13414
13418
13421
13426
13428
13442
13445
13450
13453
13456
13457
13458
13460
13461
13462
13466
13467
13470
13472
13478
13479
1348
13486
1349
13493
13500
13501
13505
13517
1352
13521
13524
13525
13527
13532
13543
13551
13552
13553
13557
13560
13562
13564
13565
13570
13571
13572
13574
13576
13581
13582
13583
1359
13594
13595
13600
13604
13606
13611
13612
13614
13620
13625
13629
13630
1365
13665
13666
1367
13670
13671
13672
13674
13675
13678
1368
13684
13687
1369
13690
13692
13693
13699
13703
13705
1371
13712
13716
1372
13722
13723
13729
13730
13731
13739
13740
13741
13742
13749
13756
13758
13759
13765
13766
13771
13772
13774
13776
13778
13784
13789
13795
13796
13798
13804
13805
13806
13809
13821
13825
13826
13830
13831
13836
13837
13841
13843
13852
13855
13864
13865
13868
13871
13872
13873
13878
13879
13884
13885
13887
13890
13891
13899
13902
13904
13907
13908
1391
13912
13914
13919
13927
13928
1393
13930
13931
13934
1394
13942
13943
13950
13953
13957
13959
13968
13973
